nm    	T%  
800.00 	66.6 
799.50 	66.6 
799.00 	66.7 
798.50 	66.7 
798.00 	66.6 
797.50 	66.7 
797.00 	66.8 
796.50 	66.6 
796.00 	66.8 
795.50 	66.9 
795.00 	66.8 
794.50 	66.8 
794.00 	67.0 
793.50 	66.8 
793.00 	66.9 
792.50 	67.0 
792.00 	66.9 
791.50 	67.0 
791.00 	67.0 
790.50 	66.9 
790.00 	67.0 
789.50 	67.1 
789.00 	67.0 
788.50 	67.1 
788.00 	67.2 
787.50 	67.0 
787.00 	67.1 
786.50 	67.2 
786.00 	67.1 
785.50 	67.1 
785.00 	67.3 
784.50 	67.1 
784.00 	67.2 
783.50 	67.3 
783.00 	67.2 
782.50 	67.3 
782.00 	67.4 
781.50 	67.2 
781.00 	67.3 
780.50 	67.4 
780.00 	67.2 
779.50 	67.4 
779.00 	67.4 
778.50 	67.3 
778.00 	67.4 
777.50 	67.5 
777.00 	67.4 
776.50 	67.5 
776.00 	67.6 
775.50 	67.4 
775.00 	67.5 
774.50 	67.6 
774.00 	67.5 
773.50 	67.6 
773.00 	67.7 
772.50 	67.6 
772.00 	67.6 
771.50 	67.7 
771.00 	67.5 
770.50 	67.7 
770.00 	67.8 
769.50 	67.5 
769.00 	67.7 
768.50 	67.8 
768.00 	67.7 
767.50 	67.7 
767.00 	67.8 
766.50 	67.7 
766.00 	67.8 
765.50 	67.9 
765.00 	67.7 
764.50 	67.8 
764.00 	67.9 
763.50 	67.8 
763.00 	67.9 
762.50 	68.0 
762.00 	67.8 
761.50 	67.9 
761.00 	67.8 
760.50 	67.8 
760.00 	67.8 
759.50 	67.9 
759.00 	67.7 
758.50 	67.8 
758.00 	68.0 
757.50 	67.8 
757.00 	67.9 
756.50 	68.0 
756.00 	67.8 
755.50 	68.0 
755.00 	68.0 
754.50 	67.9 
754.00 	67.9 
753.50 	68.1 
753.00 	67.9 
752.50 	68.0 
752.00 	68.1 
751.50 	67.9 
751.00 	68.0 
750.50 	68.1 
750.00 	68.0 
749.50 	68.0 
749.00 	68.2 
748.50 	68.0 
748.00 	68.1 
747.50 	68.2 
747.00 	68.0 
746.50 	68.1 
746.00 	68.3 
745.50 	68.1 
745.00 	68.1 
744.50 	68.2 
744.00 	68.0 
743.50 	68.1 
743.00 	68.2 
742.50 	68.1 
742.00 	68.2 
741.50 	68.2 
741.00 	68.1 
740.50 	68.2 
740.00 	68.3 
739.50 	68.1 
739.00 	68.2 
738.50 	68.3 
738.00 	68.1 
737.50 	68.2 
737.00 	68.3 
736.50 	68.1 
736.00 	68.2 
735.50 	68.3 
735.00 	68.1 
734.50 	68.2 
734.00 	68.3 
733.50 	68.0 
733.00 	68.2 
732.50 	68.3 
732.00 	68.1 
731.50 	68.2 
731.00 	68.3 
730.50 	68.2 
730.00 	68.2 
729.50 	68.3 
729.00 	68.1 
728.50 	68.3 
728.00 	68.3 
727.50 	68.1 
727.00 	68.2 
726.50 	68.3 
726.00 	68.1 
725.50 	68.2 
725.00 	68.2 
724.50 	68.1 
724.00 	68.2 
723.50 	68.3 
723.00 	68.0 
722.50 	68.2 
722.00 	68.2 
721.50 	68.1 
721.00 	68.2 
720.50 	68.3 
720.00 	68.1 
719.50 	68.2 
719.00 	68.3 
718.50 	68.1 
718.00 	68.2 
717.50 	68.3 
717.00 	68.1 
716.50 	68.2 
716.00 	68.3 
715.50 	68.1 
715.00 	68.1 
714.50 	68.2 
714.00 	68.0 
713.50 	68.1 
713.00 	68.2 
712.50 	68.0 
712.00 	68.1 
711.50 	68.2 
711.00 	68.0 
710.50 	68.1 
710.00 	68.2 
709.50 	68.0 
709.00 	68.1 
708.50 	68.2 
708.00 	67.9 
707.50 	68.1 
707.00 	68.1 
706.50 	67.9 
706.00 	68.0 
705.50 	68.1 
705.00 	67.9 
704.50 	68.0 
704.00 	68.1 
703.50 	67.9 
703.00 	68.0 
702.50 	68.1 
702.00 	67.8 
701.50 	68.0 
701.00 	68.1 
700.50 	67.9 
700.00 	68.0 
699.50 	68.1 
699.00 	67.8 
698.50 	67.9 
698.00 	68.1 
697.50 	67.8 
697.00 	67.9 
696.50 	68.1 
696.00 	67.8 
695.50 	67.9 
695.00 	68.0 
694.50 	67.8 
694.00 	67.9 
693.50 	68.0 
693.00 	67.8 
692.50 	67.9 
692.00 	68.0 
691.50 	67.8 
691.00 	67.9 
690.50 	68.0 
690.00 	67.7 
689.50 	67.9 
689.00 	68.0 
688.50 	67.7 
688.00 	67.9 
687.50 	67.9 
687.00 	67.6 
686.50 	67.8 
686.00 	68.0 
685.50 	67.6 
685.00 	67.8 
684.50 	68.1 
684.00 	67.6 
683.50 	67.8 
683.00 	68.0 
682.50 	67.7 
682.00 	67.8 
681.50 	68.0 
681.00 	67.6 
680.50 	67.7 
680.00 	68.0 
679.50 	67.6 
679.00 	67.8 
678.50 	68.0 
678.00 	67.5 
677.50 	67.8 
677.00 	68.0 
676.50 	67.5 
676.00 	67.8 
675.50 	68.0 
675.00 	67.5 
674.50 	67.8 
674.00 	68.0 
673.50 	67.5 
673.00 	67.7 
672.50 	67.9 
672.00 	67.6 
671.50 	67.7 
671.00 	67.8 
670.50 	67.7 
670.00 	67.7 
669.50 	67.7 
669.00 	67.8 
668.50 	67.7 
668.00 	67.5 
667.50 	68.0 
667.00 	67.7 
666.50 	67.4 
666.00 	68.0 
665.50 	67.7 
665.00 	67.3 
664.50 	68.0 
664.00 	67.7 
663.50 	67.4 
663.00 	68.0 
662.50 	67.7 
662.00 	67.4 
661.50 	67.9 
661.00 	67.7 
660.50 	67.5 
660.00 	68.0 
659.50 	67.8 
659.00 	67.7 
658.50 	67.9 
658.00 	67.8 
657.50 	67.9 
657.00 	67.7 
656.50 	67.8 
656.00 	67.9 
655.50 	67.8 
655.00 	67.9 
654.50 	67.9 
654.00 	67.9 
653.50 	67.9 
653.00 	67.9 
652.50 	67.8 
652.00 	67.9 
651.50 	68.0 
651.00 	67.9 
650.50 	67.9 
650.00 	68.0 
649.50 	67.9 
649.00 	67.9 
648.50 	68.0 
648.00 	67.9 
647.50 	68.0 
647.00 	68.0 
646.50 	68.0 
646.00 	68.0 
645.50 	68.0 
645.00 	68.0 
644.50 	68.0 
644.00 	68.0 
643.50 	68.0 
643.00 	68.1 
642.50 	68.1 
642.00 	68.1 
641.50 	68.1 
641.00 	68.1 
640.50 	68.1 
640.00 	68.1 
639.50 	68.1 
639.00 	68.0 
638.50 	68.1 
638.00 	68.1 
637.50 	68.2 
637.00 	68.1 
636.50 	68.2 
636.00 	68.1 
635.50 	68.2 
635.00 	68.2 
634.50 	68.1 
634.00 	68.2 
633.50 	68.2 
633.00 	68.2 
632.50 	68.2 
632.00 	68.2 
631.50 	68.2 
631.00 	68.2 
630.50 	68.3 
630.00 	68.2 
629.50 	68.2 
629.00 	68.3 
628.50 	68.2 
628.00 	68.3 
627.50 	68.3 
627.00 	68.2 
626.50 	68.3 
626.00 	68.3 
625.50 	68.3 
625.00 	68.3 
624.50 	68.4 
624.00 	68.3 
623.50 	68.3 
623.00 	68.3 
622.50 	68.3 
622.00 	68.3 
621.50 	68.3 
621.00 	68.3 
620.50 	68.3 
620.00 	68.3 
619.50 	68.3 
619.00 	68.3 
618.50 	68.4 
618.00 	68.3 
617.50 	68.3 
617.00 	68.4 
616.50 	68.3 
616.00 	68.3 
615.50 	68.4 
615.00 	68.3 
614.50 	68.3 
614.00 	68.3 
613.50 	68.3 
613.00 	68.3 
612.50 	68.3 
612.00 	68.3 
611.50 	68.3 
611.00 	68.3 
610.50 	68.2 
610.00 	68.3 
609.50 	68.3 
609.00 	68.3 
608.50 	68.3 
608.00 	68.3 
607.50 	68.2 
607.00 	68.2 
606.50 	68.2 
606.00 	68.2 
605.50 	68.2 
605.00 	68.3 
604.50 	68.2 
604.00 	68.2 
603.50 	68.3 
603.00 	68.2 
602.50 	68.2 
602.00 	68.2 
601.50 	68.2 
601.00 	68.1 
600.50 	68.1 
600.00 	68.1 
599.50 	68.1 
599.00 	68.2 
598.50 	68.1 
598.00 	68.1 
597.50 	68.1 
597.00 	68.0 
596.50 	68.0 
596.00 	68.1 
595.50 	68.0 
595.00 	68.0 
594.50 	68.0 
594.00 	67.9 
593.50 	68.0 
593.00 	68.0 
592.50 	67.9 
592.00 	67.9 
591.50 	67.9 
591.00 	67.9 
590.50 	67.9 
590.00 	67.9 
589.50 	67.9 
589.00 	67.8 
588.50 	67.8 
588.00 	67.8 
587.50 	67.8 
587.00 	67.8 
586.50 	67.7 
586.00 	67.8 
585.50 	67.7 
585.00 	67.6 
584.50 	67.7 
584.00 	67.8 
583.50 	67.7 
583.00 	67.6 
582.50 	67.6 
582.00 	67.6 
581.50 	67.6 
581.00 	67.6 
580.50 	67.6 
580.00 	67.5 
579.50 	67.6 
579.00 	67.5 
578.50 	67.5 
578.00 	67.5 
577.50 	67.5 
577.00 	67.5 
576.50 	67.5 
576.00 	67.4 
575.50 	67.4 
575.00 	67.4 
574.50 	67.4 
574.00 	67.4 
573.50 	67.4 
573.00 	67.3 
572.50 	67.3 
572.00 	67.3 
571.50 	67.3 
571.00 	67.3 
570.50 	67.3 
570.00 	67.2 
569.50 	67.3 
569.00 	67.3 
568.50 	67.2 
568.00 	67.2 
567.50 	67.2 
567.00 	67.2 
566.50 	67.2 
566.00 	67.2 
565.50 	67.1 
565.00 	67.1 
564.50 	67.1 
564.00 	67.1 
563.50 	67.1 
563.00 	67.1 
562.50 	67.1 
562.00 	67.1 
561.50 	67.1 
561.00 	67.0 
560.50 	67.1 
560.00 	67.1 
559.50 	67.0 
559.00 	67.0 
558.50 	67.1 
558.00 	67.0 
557.50 	67.0 
557.00 	67.1 
556.50 	67.0 
556.00 	67.0 
555.50 	67.0 
555.00 	67.1 
554.50 	67.1 
554.00 	67.1 
553.50 	67.1 
553.00 	67.1 
552.50 	67.1 
552.00 	67.0 
551.50 	67.0 
551.00 	67.1 
550.50 	67.1 
550.00 	67.0 
549.50 	67.1 
549.00 	67.0 
548.50 	67.0 
548.00 	67.1 
547.50 	67.0 
547.00 	67.0 
546.50 	67.1 
546.00 	67.0 
545.50 	67.0 
545.00 	67.0 
544.50 	66.9 
544.00 	67.0 
543.50 	67.0 
543.00 	66.9 
542.50 	67.0 
542.00 	67.1 
541.50 	66.9 
541.00 	67.0 
540.50 	67.0 
540.00 	66.9 
539.50 	66.9 
539.00 	67.0 
538.50 	66.9 
538.00 	66.9 
537.50 	67.0 
537.00 	66.9 
536.50 	66.9 
536.00 	66.9 
535.50 	66.9 
535.00 	66.9 
534.50 	66.9 
534.00 	66.9 
533.50 	66.9 
533.00 	66.9 
532.50 	66.8 
532.00 	66.9 
531.50 	66.9 
531.00 	66.8 
530.50 	66.8 
530.00 	66.9 
529.50 	66.8 
529.00 	66.8 
528.50 	66.8 
528.00 	66.8 
527.50 	66.8 
527.00 	66.8 
526.50 	66.7 
526.00 	66.7 
525.50 	66.8 
525.00 	66.7 
524.50 	66.7 
524.00 	66.7 
523.50 	66.6 
523.00 	66.6 
522.50 	66.7 
522.00 	66.5 
521.50 	66.6 
521.00 	66.6 
520.50 	66.5 
520.00 	66.5 
519.50 	66.6 
519.00 	66.5 
518.50 	66.5 
518.00 	66.6 
517.50 	66.4 
517.00 	66.4 
516.50 	66.4 
516.00 	66.4 
515.50 	66.4 
515.00 	66.4 
514.50 	66.3 
514.00 	66.3 
513.50 	66.3 
513.00 	66.2 
512.50 	66.2 
512.00 	66.2 
511.50 	66.1 
511.00 	66.2 
510.50 	66.1 
510.00 	66.0 
509.50 	66.1 
509.00 	66.1 
508.50 	66.0 
508.00 	66.0 
507.50 	66.0 
507.00 	65.9 
506.50 	65.9 
506.00 	65.9 
505.50 	65.8 
505.00 	65.8 
504.50 	65.8 
504.00 	65.7 
503.50 	65.7 
503.00 	65.7 
502.50 	65.6 
502.00 	65.6 
501.50 	65.6 
501.00 	65.5 
500.50 	65.5 
500.00 	65.6 
499.50 	65.4 
499.00 	65.4 
498.50 	65.4 
498.00 	65.3 
497.50 	65.3 
497.00 	65.4 
496.50 	65.2 
496.00 	65.2 
495.50 	65.3 
495.00 	65.1 
494.50 	65.1 
494.00 	65.1 
493.50 	65.0 
493.00 	65.0 
492.50 	65.1 
492.00 	64.9 
491.50 	64.9 
491.00 	65.0 
490.50 	64.8 
490.00 	64.8 
489.50 	64.9 
489.00 	64.7 
488.50 	64.8 
488.00 	64.8 
487.50 	64.6 
487.00 	64.7 
486.50 	64.7 
486.00 	64.5 
485.50 	64.6 
485.00 	64.6 
484.50 	64.6 
484.00 	64.4 
483.50 	64.5 
483.00 	64.6 
482.50 	64.3 
482.00 	64.4 
481.50 	64.5 
481.00 	64.3 
480.50 	64.4 
480.00 	64.4 
479.50 	64.2 
479.00 	64.3 
478.50 	64.4 
478.00 	64.2 
477.50 	64.3 
477.00 	64.3 
476.50 	64.2 
476.00 	64.2 
475.50 	64.3 
475.00 	64.1 
474.50 	64.2 
474.00 	64.2 
473.50 	64.1 
473.00 	64.2 
472.50 	64.2 
472.00 	64.1 
471.50 	64.1 
471.00 	64.1 
470.50 	64.1 
470.00 	64.1 
469.50 	64.1 
469.00 	64.1 
468.50 	64.1 
468.00 	64.0 
467.50 	64.1 
467.00 	64.1 
466.50 	64.0 
466.00 	64.1 
465.50 	64.0 
465.00 	64.0 
464.50 	64.1 
464.00 	64.0 
463.50 	63.9 
463.00 	64.0 
462.50 	63.9 
462.00 	63.9 
461.50 	64.0 
461.00 	63.9 
460.50 	63.8 
460.00 	63.9 
459.50 	63.8 
459.00 	63.7 
458.50 	63.9 
458.00 	63.8 
457.50 	63.7 
457.00 	63.8 
456.50 	63.7 
456.00 	63.6 
455.50 	63.8 
455.00 	63.7 
454.50 	63.5 
454.00 	63.8 
453.50 	63.6 
453.00 	63.5 
452.50 	63.7 
452.00 	63.5 
451.50 	63.4 
451.00 	63.6 
450.50 	63.5 
450.00 	63.3 
449.50 	63.6 
449.00 	63.4 
448.50 	63.2 
448.00 	63.5 
447.50 	63.3 
447.00 	63.1 
446.50 	63.4 
446.00 	63.2 
445.50 	62.9 
445.00 	63.2 
444.50 	63.1 
444.00 	62.9 
443.50 	63.0 
443.00 	63.0 
442.50 	62.8 
442.00 	63.0 
441.50 	62.8 
441.00 	62.6 
440.50 	62.8 
440.00 	62.7 
439.50 	62.5 
439.00 	62.6 
438.50 	62.5 
438.00 	62.4 
437.50 	62.5 
437.00 	62.4 
436.50 	62.3 
436.00 	62.3 
435.50 	62.2 
435.00 	62.2 
434.50 	62.1 
434.00 	62.1 
433.50 	62.0 
433.00 	62.0 
432.50 	61.9 
432.00 	61.9 
431.50 	61.9 
431.00 	61.8 
430.50 	61.8 
430.00 	61.7 
429.50 	61.7 
429.00 	61.7 
428.50 	61.6 
428.00 	61.6 
427.50 	61.5 
427.00 	61.5 
426.50 	61.5 
426.00 	61.4 
425.50 	61.4 
425.00 	61.4 
424.50 	61.3 
424.00 	61.3 
423.50 	61.3 
423.00 	61.3 
422.50 	61.2 
422.00 	61.1 
421.50 	61.1 
421.00 	61.0 
420.50 	61.0 
420.00 	61.0 
419.50 	60.9 
419.00 	61.0 
418.50 	61.0 
418.00 	60.9 
417.50 	61.1 
417.00 	61.0 
416.50 	60.8 
416.00 	61.0 
415.50 	60.9 
415.00 	60.8 
414.50 	61.0 
414.00 	60.9 
413.50 	60.8 
413.00 	61.0 
412.50 	60.9 
412.00 	60.8 
411.50 	60.9 
411.00 	60.9 
410.50 	60.8 
410.00 	60.9 
409.50 	60.9 
409.00 	60.8 
408.50 	60.9 
408.00 	60.8 
407.50 	60.8 
407.00 	60.8 
406.50 	60.8 
406.00 	60.6 
405.50 	60.7 
405.00 	60.6 
404.50 	60.6 
404.00 	60.6 
403.50 	60.5 
403.00 	60.4 
402.50 	60.4 
402.00 	60.3 
401.50 	60.3 
401.00 	60.2 
400.50 	60.1 
400.00 	60.0 
399.50 	59.9 
399.00 	59.9 
398.50 	59.8 
398.00 	59.7 
397.50 	59.6 
397.00 	59.4 
396.50 	59.4 
396.00 	59.2 
395.50 	59.1 
395.00 	59.0 
394.50 	58.9 
394.00 	58.7 
393.50 	58.6 
393.00 	58.5 
392.50 	58.3 
392.00 	58.2 
391.50 	58.1 
391.00 	57.9 
390.50 	57.8 
390.00 	57.6 
389.50 	57.5 
389.00 	57.4 
388.50 	57.2 
388.00 	57.0 
387.50 	57.0 
387.00 	56.8 
386.50 	56.6 
386.00 	56.6 
385.50 	56.3 
385.00 	56.2 
384.50 	56.1 
384.00 	56.0 
383.50 	55.8 
383.00 	55.8 
382.50 	55.6 
382.00 	55.5 
381.50 	55.5 
381.00 	55.3 
380.50 	55.3 
380.00 	55.2 
379.50 	55.2 
379.00 	55.0 
378.50 	55.2 
378.00 	55.1 
377.50 	55.0 
377.00 	55.1 
376.50 	55.0 
376.00 	55.0 
375.50 	55.0 
375.00 	55.0 
374.50 	54.9 
374.00 	55.0 
373.50 	54.9 
373.00 	54.8 
372.50 	54.8 
372.00 	54.7 
371.50 	54.5 
371.00 	54.6 
370.50 	54.5 
370.00 	54.3 
369.50 	54.3 
369.00 	54.0 
368.50 	53.8 
368.00 	53.8 
367.50 	53.5 
367.00 	53.1 
366.50 	53.0 
366.00 	52.7 
365.50 	52.4 
365.00 	52.3 
364.50 	51.8 
364.00 	51.5 
363.50 	51.1 
363.00 	50.8 
362.50 	50.4 
362.00 	49.9 
361.50 	49.7 
361.00 	49.2 
360.50 	48.7 
360.00 	48.5 
359.50 	48.0 
359.00 	47.5 
358.50 	47.3 
358.00 	46.7 
357.50 	46.2 
357.00 	45.9 
356.50 	45.4 
356.00 	44.9 
355.50 	44.7 
355.00 	44.2 
354.50 	43.7 
354.00 	43.4 
353.50 	42.9 
353.00 	42.4 
352.50 	42.2 
352.00 	41.7 
351.50 	41.2 
351.00 	40.9 
350.50 	40.2 
350.00 	39.7 
349.50 	41.5 
349.00 	41.1 
348.50 	40.7 
348.00 	40.0 
347.50 	39.5 
347.00 	39.1 
346.50 	38.6 
346.00 	38.2 
345.50 	37.7 
345.00 	37.2 
344.50 	36.8 
344.00 	36.2 
343.50 	35.7 
343.00 	35.3 
342.50 	34.7 
342.00 	34.2 
341.50 	33.7 
341.00 	33.1 
340.50 	32.6 
340.00 	32.1 
339.50 	31.5 
339.00 	31.0 
338.50 	30.5 
338.00 	29.9 
337.50 	29.4 
337.00 	29.0 
336.50 	28.4 
336.00 	28.0 
335.50 	27.5 
335.00 	26.7 
334.50 	26.2 
334.00 	25.8 
333.50 	25.3 
333.00 	24.9 
332.50 	24.5 
332.00 	24.1 
331.50 	23.7 
331.00 	23.4 
330.50 	23.0 
330.00 	22.7 
329.50 	22.4 
329.00 	22.1 
328.50 	21.8 
328.00 	21.5 
327.50 	21.2 
327.00 	21.0 
326.50 	20.8 
326.00 	20.6 
325.50 	20.4 
325.00 	20.2 
324.50 	20.0 
324.00 	19.8 
323.50 	19.7 
323.00 	19.5 
322.50 	19.4 
322.00 	19.3 
321.50 	19.2 
321.00 	19.1 
320.50 	19.0 
320.00 	18.9 
319.50 	18.8 
319.00 	18.7 
318.50 	18.7 
318.00 	18.6 
317.50 	18.6 
317.00 	18.5 
316.50 	18.5 
316.00 	18.4 
315.50 	18.4 
315.00 	18.4 
314.50 	18.3 
314.00 	18.3 
313.50 	18.3 
313.00 	18.2 
312.50 	18.2 
312.00 	18.2 
311.50 	18.1 
311.00 	18.1 
310.50 	18.1 
310.00 	18.0 
309.50 	18.1 
309.00 	18.0 
308.50 	18.0 
308.00 	18.0 
307.50 	18.0 
307.00 	17.9 
306.50 	17.9 
306.00 	17.9 
305.50 	17.9 
305.00 	17.9 
304.50 	17.9 
304.00 	17.8 
303.50 	17.8 
303.00 	17.8 
302.50 	17.8 
302.00 	17.8 
301.50 	17.7 
301.00 	17.7 
300.50 	17.7 
300.00 	17.7 
