nm    	Abs   
800.00 	0.002 
799.50 	0.002 
799.00 	0.001 
798.50 	0.002 
798.00 	0.002 
797.50 	0.001 
797.00 	0.002 
796.50 	0.001 
796.00 	0.001 
795.50 	0.002 
795.00 	0.001 
794.50 	0.001 
794.00 	0.002 
793.50 	0.002 
793.00 	0.001 
792.50 	0.002 
792.00 	0.002 
791.50 	0.001 
791.00 	0.002 
790.50 	0.001 
790.00 	0.000 
789.50 	0.002 
789.00 	0.001 
788.50 	0.001 
788.00 	0.002 
787.50 	0.002 
787.00 	0.001 
786.50 	0.002 
786.00 	0.001 
785.50 	0.001 
785.00 	0.002 
784.50 	0.001 
784.00 	0.001 
783.50 	0.001 
783.00 	0.001 
782.50 	0.001 
782.00 	0.001 
781.50 	0.001 
781.00 	0.001 
780.50 	0.002 
780.00 	0.001 
779.50 	0.000 
779.00 	0.001 
778.50 	0.001 
778.00 	0.001 
777.50 	0.001 
777.00 	0.001 
776.50 	0.000 
776.00 	0.001 
775.50 	0.001 
775.00 	0.001 
774.50 	0.002 
774.00 	0.001 
773.50 	0.001 
773.00 	0.001 
772.50 	0.001 
772.00 	0.001 
771.50 	0.001 
771.00 	0.001 
770.50 	0.000 
770.00 	0.001 
769.50 	0.001 
769.00 	0.000 
768.50 	0.001 
768.00 	0.001 
767.50 	0.000 
767.00 	0.002 
766.50 	0.001 
766.00 	0.000 
765.50 	0.001 
765.00 	0.001 
764.50 	0.000 
764.00 	0.001 
763.50 	0.001 
763.00 	0.000 
762.50 	0.002 
762.00 	0.001 
761.50 	0.001 
761.00 	0.001 
760.50 	0.001 
760.00 	0.000 
759.50 	0.001 
759.00 	0.001 
758.50 	0.001 
758.00 	0.002 
757.50 	0.001 
757.00 	0.001 
756.50 	0.001 
756.00 	0.001 
755.50 	0.000 
755.00 	0.002 
754.50 	0.001 
754.00 	0.001 
753.50 	0.001 
753.00 	0.001 
752.50 	0.001 
752.00 	0.002 
751.50 	0.001 
751.00 	0.000 
750.50 	0.002 
750.00 	0.001 
749.50 	0.000 
749.00 	0.001 
748.50 	0.001 
748.00 	0.000 
747.50 	0.001 
747.00 	0.001 
746.50 	0.000 
746.00 	0.001 
745.50 	0.001 
745.00 	0.000 
744.50 	0.001 
744.00 	0.001 
743.50 	0.001 
743.00 	0.002 
742.50 	0.001 
742.00 	0.000 
741.50 	0.001 
741.00 	0.001 
740.50 	0.000 
740.00 	0.001 
739.50 	0.001 
739.00 	0.000 
738.50 	0.001 
738.00 	0.001 
737.50 	0.000 
737.00 	0.001 
736.50 	0.001 
736.00 	0.000 
735.50 	0.002 
735.00 	0.001 
734.50 	0.000 
734.00 	0.002 
733.50 	0.001 
733.00 	0.000 
732.50 	0.001 
732.00 	0.001 
731.50 	0.000 
731.00 	0.001 
730.50 	0.001 
730.00 	0.000 
729.50 	0.002 
729.00 	0.001 
728.50 	0.000 
728.00 	0.001 
727.50 	0.001 
727.00 	0.000 
726.50 	0.001 
726.00 	0.001 
725.50 	0.000 
725.00 	0.001 
724.50 	0.001 
724.00 	0.000 
723.50 	0.002 
723.00 	0.001 
722.50 	0.000 
722.00 	0.001 
721.50 	0.001 
721.00 	0.000 
720.50 	0.001 
720.00 	0.001 
719.50 	0.000 
719.00 	0.001 
718.50 	0.001 
718.00 	0.000 
717.50 	0.001 
717.00 	0.001 
716.50 	-0.001 
716.00 	0.001 
715.50 	0.001 
715.00 	0.000 
714.50 	0.001 
714.00 	0.001 
713.50 	0.000 
713.00 	0.001 
712.50 	0.001 
712.00 	0.000 
711.50 	0.001 
711.00 	0.000 
710.50 	0.000 
710.00 	0.001 
709.50 	0.001 
709.00 	0.000 
708.50 	0.002 
708.00 	0.001 
707.50 	0.000 
707.00 	0.001 
706.50 	0.001 
706.00 	0.000 
705.50 	0.001 
705.00 	0.001 
704.50 	0.000 
704.00 	0.001 
703.50 	0.001 
703.00 	0.000 
702.50 	0.001 
702.00 	0.001 
701.50 	0.000 
701.00 	0.002 
700.50 	0.001 
700.00 	0.000 
699.50 	0.002 
699.00 	0.001 
698.50 	0.000 
698.00 	0.001 
697.50 	0.001 
697.00 	0.000 
696.50 	0.002 
696.00 	0.001 
695.50 	-0.001 
695.00 	0.001 
694.50 	0.001 
694.00 	0.000 
693.50 	0.001 
693.00 	0.001 
692.50 	0.000 
692.00 	0.002 
691.50 	0.000 
691.00 	0.000 
690.50 	0.001 
690.00 	0.001 
689.50 	-0.001 
689.00 	0.002 
688.50 	0.001 
688.00 	0.000 
687.50 	0.002 
687.00 	0.001 
686.50 	-0.001 
686.00 	0.001 
685.50 	0.001 
685.00 	0.000 
684.50 	0.002 
684.00 	0.001 
683.50 	0.000 
683.00 	0.002 
682.50 	0.000 
682.00 	-0.001 
681.50 	0.002 
681.00 	0.001 
680.50 	-0.001 
680.00 	0.002 
679.50 	0.000 
679.00 	-0.001 
678.50 	0.002 
678.00 	0.001 
677.50 	-0.002 
677.00 	0.003 
676.50 	0.001 
676.00 	-0.001 
675.50 	0.002 
675.00 	0.001 
674.50 	-0.002 
674.00 	0.002 
673.50 	0.001 
673.00 	-0.001 
672.50 	0.002 
672.00 	0.001 
671.50 	0.000 
671.00 	0.001 
670.50 	0.000 
670.00 	0.001 
669.50 	0.000 
669.00 	0.000 
668.50 	0.002 
668.00 	-0.001 
667.50 	0.000 
667.00 	0.002 
666.50 	-0.001 
666.00 	0.001 
665.50 	0.003 
665.00 	-0.002 
664.50 	0.000 
664.00 	0.004 
663.50 	-0.002 
663.00 	0.001 
662.50 	0.003 
662.00 	-0.001 
661.50 	0.000 
661.00 	0.003 
660.50 	-0.001 
660.00 	0.001 
659.50 	0.002 
659.00 	0.000 
658.50 	0.001 
658.00 	0.001 
657.50 	0.001 
657.00 	0.001 
656.50 	0.000 
656.00 	0.001 
655.50 	0.001 
655.00 	0.000 
654.50 	0.001 
654.00 	0.001 
653.50 	0.001 
653.00 	0.000 
652.50 	0.001 
652.00 	0.000 
651.50 	0.000 
651.00 	0.001 
650.50 	0.000 
650.00 	0.001 
649.50 	0.001 
649.00 	0.000 
648.50 	0.001 
648.00 	0.001 
647.50 	0.000 
647.00 	0.000 
646.50 	0.001 
646.00 	0.000 
645.50 	0.001 
645.00 	0.000 
644.50 	0.000 
644.00 	0.001 
643.50 	0.000 
643.00 	0.000 
642.50 	0.001 
642.00 	0.001 
641.50 	0.000 
641.00 	0.001 
640.50 	0.001 
640.00 	0.001 
639.50 	0.001 
639.00 	0.001 
638.50 	0.000 
638.00 	0.001 
637.50 	0.001 
637.00 	0.000 
636.50 	0.001 
636.00 	0.000 
635.50 	0.000 
635.00 	0.001 
634.50 	0.001 
634.00 	0.000 
633.50 	0.001 
633.00 	0.001 
632.50 	0.000 
632.00 	0.001 
631.50 	0.001 
631.00 	0.000 
630.50 	0.001 
630.00 	0.001 
629.50 	0.000 
629.00 	0.001 
628.50 	0.001 
628.00 	0.000 
627.50 	0.001 
627.00 	0.001 
626.50 	0.000 
626.00 	0.001 
625.50 	0.001 
625.00 	0.000 
624.50 	0.001 
624.00 	0.001 
623.50 	0.001 
623.00 	0.001 
622.50 	0.001 
622.00 	0.001 
621.50 	0.001 
621.00 	0.001 
620.50 	0.001 
620.00 	0.001 
619.50 	0.001 
619.00 	0.001 
618.50 	0.001 
618.00 	0.001 
617.50 	0.001 
617.00 	0.001 
616.50 	0.001 
616.00 	0.001 
615.50 	0.001 
615.00 	0.001 
614.50 	0.001 
614.00 	0.001 
613.50 	0.001 
613.00 	0.001 
612.50 	0.001 
612.00 	0.001 
611.50 	0.001 
611.00 	0.001 
610.50 	0.001 
610.00 	0.001 
609.50 	0.001 
609.00 	0.001 
608.50 	0.001 
608.00 	0.001 
607.50 	0.001 
607.00 	0.001 
606.50 	0.001 
606.00 	0.001 
605.50 	0.001 
605.00 	0.001 
604.50 	0.001 
604.00 	0.001 
603.50 	0.002 
603.00 	0.002 
602.50 	0.001 
602.00 	0.002 
601.50 	0.002 
601.00 	0.002 
600.50 	0.002 
600.00 	0.002 
599.50 	0.002 
599.00 	0.002 
598.50 	0.002 
598.00 	0.002 
597.50 	0.003 
597.00 	0.003 
596.50 	0.003 
596.00 	0.004 
595.50 	0.004 
595.00 	0.004 
594.50 	0.004 
594.00 	0.005 
593.50 	0.004 
593.00 	0.006 
592.50 	0.006 
592.00 	0.006 
591.50 	0.007 
591.00 	0.007 
590.50 	0.007 
590.00 	0.008 
589.50 	0.009 
589.00 	0.010 
588.50 	0.011 
588.00 	0.011 
587.50 	0.012 
587.00 	0.013 
586.50 	0.014 
586.00 	0.015 
585.50 	0.017 
585.00 	0.018 
584.50 	0.019 
584.00 	0.021 
583.50 	0.023 
583.00 	0.024 
582.50 	0.026 
582.00 	0.028 
581.50 	0.030 
581.00 	0.033 
580.50 	0.035 
580.00 	0.037 
579.50 	0.040 
579.00 	0.043 
578.50 	0.046 
578.00 	0.050 
577.50 	0.054 
577.00 	0.057 
576.50 	0.061 
576.00 	0.066 
575.50 	0.070 
575.00 	0.074 
574.50 	0.080 
574.00 	0.084 
573.50 	0.089 
573.00 	0.095 
572.50 	0.101 
572.00 	0.106 
571.50 	0.113 
571.00 	0.119 
570.50 	0.125 
570.00 	0.132 
569.50 	0.139 
569.00 	0.146 
568.50 	0.154 
568.00 	0.161 
567.50 	0.168 
567.00 	0.176 
566.50 	0.183 
566.00 	0.191 
565.50 	0.199 
565.00 	0.206 
564.50 	0.214 
564.00 	0.221 
563.50 	0.228 
563.00 	0.235 
562.50 	0.243 
562.00 	0.249 
561.50 	0.256 
561.00 	0.262 
560.50 	0.268 
560.00 	0.274 
559.50 	0.279 
559.00 	0.284 
558.50 	0.288 
558.00 	0.293 
557.50 	0.297 
557.00 	0.300 
556.50 	0.302 
556.00 	0.304 
555.50 	0.306 
555.00 	0.308 
554.50 	0.308 
554.00 	0.309 
553.50 	0.309 
553.00 	0.308 
552.50 	0.308 
552.00 	0.306 
551.50 	0.304 
551.00 	0.303 
550.50 	0.300 
550.00 	0.297 
549.50 	0.295 
549.00 	0.291 
548.50 	0.287 
548.00 	0.284 
547.50 	0.279 
547.00 	0.274 
546.50 	0.271 
546.00 	0.266 
545.50 	0.260 
545.00 	0.256 
544.50 	0.251 
544.00 	0.245 
543.50 	0.241 
543.00 	0.235 
542.50 	0.229 
542.00 	0.225 
541.50 	0.220 
541.00 	0.214 
540.50 	0.210 
540.00 	0.204 
539.50 	0.199 
539.00 	0.195 
538.50 	0.190 
538.00 	0.185 
537.50 	0.181 
537.00 	0.176 
536.50 	0.172 
536.00 	0.169 
535.50 	0.164 
535.00 	0.160 
534.50 	0.158 
534.00 	0.153 
533.50 	0.150 
533.00 	0.147 
532.50 	0.144 
532.00 	0.141 
531.50 	0.139 
531.00 	0.136 
530.50 	0.133 
530.00 	0.132 
529.50 	0.129 
529.00 	0.127 
528.50 	0.126 
528.00 	0.124 
527.50 	0.122 
527.00 	0.121 
526.50 	0.120 
526.00 	0.118 
525.50 	0.118 
525.00 	0.117 
524.50 	0.115 
524.00 	0.115 
523.50 	0.114 
523.00 	0.113 
522.50 	0.113 
522.00 	0.112 
521.50 	0.110 
521.00 	0.111 
520.50 	0.110 
520.00 	0.109 
519.50 	0.109 
519.00 	0.108 
518.50 	0.107 
518.00 	0.107 
517.50 	0.106 
517.00 	0.105 
516.50 	0.105 
516.00 	0.103 
515.50 	0.102 
515.00 	0.101 
514.50 	0.100 
514.00 	0.099 
513.50 	0.099 
513.00 	0.097 
512.50 	0.096 
512.00 	0.095 
511.50 	0.093 
511.00 	0.092 
510.50 	0.091 
510.00 	0.089 
509.50 	0.087 
509.00 	0.086 
508.50 	0.084 
508.00 	0.082 
507.50 	0.081 
507.00 	0.079 
506.50 	0.077 
506.00 	0.076 
505.50 	0.073 
505.00 	0.071 
504.50 	0.070 
504.00 	0.068 
503.50 	0.066 
503.00 	0.065 
502.50 	0.063 
502.00 	0.061 
501.50 	0.060 
501.00 	0.058 
500.50 	0.055 
500.00 	0.055 
499.50 	0.053 
499.00 	0.051 
498.50 	0.051 
498.00 	0.048 
497.50 	0.047 
497.00 	0.046 
496.50 	0.044 
496.00 	0.042 
495.50 	0.042 
495.00 	0.041 
494.50 	0.039 
494.00 	0.039 
493.50 	0.037 
493.00 	0.036 
492.50 	0.036 
492.00 	0.035 
491.50 	0.033 
491.00 	0.034 
490.50 	0.032 
490.00 	0.031 
489.50 	0.031 
489.00 	0.030 
488.50 	0.029 
488.00 	0.029 
487.50 	0.028 
487.00 	0.026 
486.50 	0.027 
486.00 	0.026 
485.50 	0.025 
485.00 	0.024 
484.50 	0.025 
484.00 	0.024 
483.50 	0.023 
483.00 	0.024 
482.50 	0.022 
482.00 	0.022 
481.50 	0.022 
481.00 	0.021 
480.50 	0.020 
480.00 	0.021 
479.50 	0.020 
479.00 	0.019 
478.50 	0.020 
478.00 	0.019 
477.50 	0.018 
477.00 	0.019 
476.50 	0.017 
476.00 	0.017 
475.50 	0.017 
475.00 	0.016 
474.50 	0.015 
474.00 	0.016 
473.50 	0.015 
473.00 	0.014 
472.50 	0.015 
472.00 	0.014 
471.50 	0.013 
471.00 	0.013 
470.50 	0.013 
470.00 	0.012 
469.50 	0.012 
469.00 	0.012 
468.50 	0.011 
468.00 	0.011 
467.50 	0.011 
467.00 	0.011 
466.50 	0.010 
466.00 	0.010 
465.50 	0.010 
465.00 	0.009 
464.50 	0.009 
464.00 	0.009 
463.50 	0.008 
463.00 	0.008 
462.50 	0.008 
462.00 	0.007 
461.50 	0.007 
461.00 	0.008 
460.50 	0.007 
460.00 	0.007 
459.50 	0.007 
459.00 	0.006 
458.50 	0.006 
458.00 	0.007 
457.50 	0.005 
457.00 	0.006 
456.50 	0.007 
456.00 	0.005 
455.50 	0.006 
455.00 	0.006 
454.50 	0.005 
454.00 	0.005 
453.50 	0.006 
453.00 	0.004 
452.50 	0.005 
452.00 	0.006 
451.50 	0.004 
451.00 	0.005 
450.50 	0.006 
450.00 	0.004 
449.50 	0.004 
449.00 	0.006 
448.50 	0.003 
448.00 	0.004 
447.50 	0.006 
447.00 	0.003 
446.50 	0.004 
446.00 	0.005 
445.50 	0.004 
445.00 	0.004 
444.50 	0.005 
444.00 	0.003 
443.50 	0.004 
443.00 	0.005 
442.50 	0.004 
442.00 	0.004 
441.50 	0.005 
441.00 	0.004 
440.50 	0.004 
440.00 	0.005 
439.50 	0.004 
439.00 	0.005 
438.50 	0.005 
438.00 	0.004 
437.50 	0.005 
437.00 	0.006 
436.50 	0.005 
436.00 	0.005 
435.50 	0.005 
435.00 	0.006 
434.50 	0.006 
434.00 	0.006 
433.50 	0.006 
433.00 	0.006 
432.50 	0.006 
432.00 	0.007 
431.50 	0.007 
431.00 	0.007 
430.50 	0.006 
430.00 	0.007 
429.50 	0.007 
429.00 	0.007 
428.50 	0.007 
428.00 	0.007 
427.50 	0.008 
427.00 	0.007 
426.50 	0.008 
426.00 	0.008 
425.50 	0.008 
425.00 	0.008 
424.50 	0.008 
424.00 	0.008 
423.50 	0.008 
423.00 	0.009 
422.50 	0.008 
422.00 	0.009 
421.50 	0.009 
421.00 	0.009 
420.50 	0.009 
420.00 	0.009 
419.50 	0.009 
419.00 	0.009 
418.50 	0.009 
418.00 	0.009 
417.50 	0.009 
417.00 	0.009 
416.50 	0.009 
416.00 	0.009 
415.50 	0.010 
415.00 	0.009 
414.50 	0.009 
414.00 	0.010 
413.50 	0.009 
413.00 	0.009 
412.50 	0.010 
412.00 	0.009 
411.50 	0.009 
411.00 	0.010 
410.50 	0.009 
410.00 	0.009 
409.50 	0.010 
409.00 	0.009 
408.50 	0.010 
408.00 	0.010 
407.50 	0.010 
407.00 	0.010 
406.50 	0.010 
406.00 	0.010 
405.50 	0.010 
405.00 	0.011 
404.50 	0.010 
404.00 	0.010 
403.50 	0.010 
403.00 	0.010 
402.50 	0.010 
402.00 	0.010 
401.50 	0.011 
401.00 	0.010 
400.50 	0.010 
400.00 	0.010 
399.50 	0.010 
399.00 	0.010 
398.50 	0.010 
398.00 	0.010 
397.50 	0.010 
397.00 	0.010 
396.50 	0.010 
396.00 	0.010 
395.50 	0.010 
395.00 	0.010 
394.50 	0.011 
394.00 	0.010 
393.50 	0.010 
393.00 	0.010 
392.50 	0.010 
392.00 	0.009 
391.50 	0.010 
391.00 	0.009 
390.50 	0.009 
390.00 	0.010 
389.50 	0.009 
389.00 	0.009 
388.50 	0.009 
388.00 	0.009 
387.50 	0.009 
387.00 	0.009 
386.50 	0.008 
386.00 	0.008 
385.50 	0.009 
385.00 	0.008 
384.50 	0.008 
384.00 	0.009 
383.50 	0.008 
383.00 	0.008 
382.50 	0.008 
382.00 	0.008 
381.50 	0.008 
381.00 	0.008 
380.50 	0.007 
380.00 	0.008 
379.50 	0.008 
379.00 	0.007 
378.50 	0.007 
378.00 	0.008 
377.50 	0.008 
377.00 	0.008 
376.50 	0.008 
376.00 	0.008 
375.50 	0.008 
375.00 	0.008 
374.50 	0.008 
374.00 	0.008 
373.50 	0.008 
373.00 	0.008 
372.50 	0.008 
372.00 	0.009 
371.50 	0.008 
371.00 	0.009 
370.50 	0.010 
370.00 	0.009 
369.50 	0.010 
369.00 	0.010 
368.50 	0.010 
368.00 	0.011 
367.50 	0.012 
367.00 	0.011 
366.50 	0.012 
366.00 	0.014 
365.50 	0.013 
365.00 	0.014 
364.50 	0.015 
364.00 	0.016 
363.50 	0.015 
363.00 	0.017 
362.50 	0.018 
362.00 	0.017 
361.50 	0.019 
361.00 	0.020 
360.50 	0.019 
360.00 	0.020 
359.50 	0.022 
359.00 	0.021 
358.50 	0.022 
358.00 	0.024 
357.50 	0.023 
357.00 	0.024 
356.50 	0.026 
356.00 	0.024 
355.50 	0.025 
355.00 	0.026 
354.50 	0.025 
354.00 	0.026 
353.50 	0.026 
353.00 	0.025 
352.50 	0.025 
352.00 	0.026 
351.50 	0.024 
351.00 	0.024 
350.50 	0.025 
350.00 	0.023 
349.50 	0.023 
349.00 	0.023 
348.50 	0.022 
348.00 	0.020 
347.50 	0.022 
347.00 	0.020 
346.50 	0.018 
346.00 	0.020 
345.50 	0.019 
345.00 	0.017 
344.50 	0.019 
344.00 	0.017 
343.50 	0.016 
343.00 	0.018 
342.50 	0.016 
342.00 	0.016 
341.50 	0.017 
341.00 	0.016 
340.50 	0.014 
340.00 	0.016 
339.50 	0.015 
339.00 	0.014 
338.50 	0.015 
338.00 	0.014 
337.50 	0.013 
337.00 	0.015 
336.50 	0.013 
336.00 	0.012 
335.50 	0.013 
335.00 	0.012 
334.50 	0.012 
334.00 	0.012 
333.50 	0.011 
333.00 	0.011 
332.50 	0.012 
332.00 	0.011 
331.50 	0.010 
331.00 	0.011 
330.50 	0.010 
330.00 	0.009 
329.50 	0.011 
329.00 	0.010 
328.50 	0.009 
328.00 	0.011 
327.50 	0.010 
327.00 	0.010 
326.50 	0.012 
326.00 	0.011 
325.50 	0.011 
325.00 	0.012 
324.50 	0.012 
324.00 	0.012 
323.50 	0.013 
323.00 	0.013 
322.50 	0.013 
322.00 	0.015 
321.50 	0.016 
321.00 	0.015 
320.50 	0.017 
320.00 	0.018 
319.50 	0.018 
319.00 	0.020 
318.50 	0.020 
318.00 	0.021 
317.50 	0.023 
317.00 	0.024 
316.50 	0.024 
316.00 	0.027 
315.50 	0.027 
315.00 	0.028 
314.50 	0.030 
314.00 	0.031 
313.50 	0.031 
313.00 	0.034 
312.50 	0.034 
312.00 	0.034 
311.50 	0.036 
311.00 	0.037 
310.50 	0.037 
310.00 	0.039 
309.50 	0.039 
309.00 	0.039 
308.50 	0.039 
308.00 	0.041 
307.50 	0.040 
307.00 	0.040 
306.50 	0.041 
306.00 	0.041 
305.50 	0.041 
305.00 	0.042 
304.50 	0.041 
304.00 	0.041 
303.50 	0.041 
303.00 	0.041 
302.50 	0.041 
302.00 	0.041 
301.50 	0.041 
301.00 	0.041 
300.50 	0.041 
300.00 	0.041 
299.50 	0.041 
299.00 	0.041 
298.50 	0.041 
298.00 	0.040 
297.50 	0.041 
297.00 	0.040 
296.50 	0.041 
296.00 	0.040 
295.50 	0.040 
295.00 	0.040 
294.50 	0.041 
294.00 	0.041 
293.50 	0.041 
293.00 	0.041 
292.50 	0.041 
292.00 	0.041 
291.50 	0.042 
291.00 	0.042 
290.50 	0.042 
290.00 	0.042 
289.50 	0.043 
289.00 	0.043 
288.50 	0.044 
288.00 	0.043 
287.50 	0.044 
287.00 	0.045 
286.50 	0.044 
286.00 	0.044 
285.50 	0.046 
285.00 	0.045 
284.50 	0.044 
284.00 	0.046 
283.50 	0.045 
283.00 	0.045 
282.50 	0.046 
282.00 	0.045 
281.50 	0.044 
281.00 	0.045 
280.50 	0.045 
280.00 	0.043 
279.50 	0.045 
279.00 	0.044 
278.50 	0.043 
278.00 	0.044 
277.50 	0.043 
277.00 	0.042 
276.50 	0.043 
276.00 	0.042 
275.50 	0.042 
275.00 	0.043 
274.50 	0.042 
274.00 	0.042 
273.50 	0.043 
273.00 	0.043 
272.50 	0.043 
272.00 	0.045 
271.50 	0.046 
271.00 	0.046 
270.50 	0.049 
270.00 	0.049 
269.50 	0.050 
269.00 	0.053 
268.50 	0.055 
268.00 	0.056 
267.50 	0.059 
267.00 	0.061 
266.50 	0.063 
266.00 	0.066 
265.50 	0.068 
265.00 	0.070 
264.50 	0.073 
264.00 	0.075 
263.50 	0.076 
263.00 	0.078 
262.50 	0.079 
262.00 	0.080 
261.50 	0.082 
261.00 	0.082 
260.50 	0.082 
260.00 	0.083 
259.50 	0.083 
259.00 	0.083 
258.50 	0.084 
258.00 	0.083 
257.50 	0.083 
257.00 	0.083 
256.50 	0.082 
256.00 	0.082 
255.50 	0.082 
255.00 	0.081 
254.50 	0.080 
254.00 	0.080 
253.50 	0.079 
253.00 	0.078 
252.50 	0.077 
252.00 	0.076 
251.50 	0.074 
251.00 	0.073 
250.50 	0.071 
250.00 	0.070 
249.50 	0.068 
249.00 	0.067 
248.50 	0.066 
248.00 	0.064 
247.50 	0.063 
247.00 	0.062 
246.50 	0.061 
246.00 	0.060 
245.50 	0.060 
245.00 	0.060 
244.50 	0.059 
244.00 	0.059 
243.50 	0.060 
243.00 	0.060 
242.50 	0.060 
242.00 	0.062 
241.50 	0.062 
241.00 	0.063 
240.50 	0.065 
240.00 	0.066 
239.50 	0.066 
239.00 	0.068 
238.50 	0.069 
238.00 	0.069 
237.50 	0.070 
237.00 	0.071 
236.50 	0.069 
236.00 	0.070 
235.50 	0.072 
235.00 	0.070 
234.50 	0.070 
234.00 	0.071 
233.50 	0.069 
233.00 	0.070 
232.50 	0.071 
232.00 	0.069 
231.50 	0.070 
231.00 	0.072 
230.50 	0.069 
230.00 	0.071 
229.50 	0.072 
229.00 	0.070 
228.50 	0.071 
228.00 	0.073 
227.50 	0.071 
227.00 	0.072 
226.50 	0.074 
226.00 	0.072 
225.50 	0.073 
225.00 	0.074 
224.50 	0.071 
224.00 	0.073 
223.50 	0.074 
223.00 	0.070 
222.50 	0.072 
222.00 	0.073 
221.50 	0.070 
221.00 	0.071 
220.50 	0.073 
220.00 	0.069 
219.50 	0.070 
219.00 	0.072 
218.50 	0.067 
218.00 	0.070 
217.50 	0.072 
217.00 	0.068 
216.50 	0.070 
216.00 	0.073 
215.50 	0.067 
215.00 	0.070 
214.50 	0.074 
214.00 	0.069 
213.50 	0.072 
213.00 	0.076 
212.50 	0.071 
212.00 	0.074 
211.50 	0.080 
211.00 	0.074 
210.50 	0.079 
210.00 	0.084 
209.50 	0.078 
209.00 	0.083 
208.50 	0.090 
208.00 	0.083 
207.50 	0.089 
207.00 	0.096 
206.50 	0.088 
206.00 	0.094 
205.50 	0.102 
205.00 	0.094 
204.50 	0.099 
204.00 	0.108 
203.50 	0.099 
203.00 	0.106 
202.50 	0.114 
202.00 	0.102 
201.50 	0.110 
201.00 	0.119 
200.50 	0.108 
200.00 	0.115 
